E:/Projects/¸´µ©Í£³µ³¡/data/snapshot20140321163237.jpg
100
0
610 549 43 20
0
606 527 43 20
0
603 510 41 19
0
599 491 41 18
0
596 471 39 20
0
588 453 43 19
0
584 434 42 19
0
580 416 41 19
0
567 397 46 22
0
562 380 46 21
0
560 363 43 20
0
555 346 45 19
0
553 328 43 20
0
552 311 40 20
0
548 295 38 19
0
567 551 45 21
0
566 531 43 21
0
563 511 42 21
0
559 493 41 20
0
554 475 44 19
0
548 455 42 21
0
546 435 39 21
0
542 418 40 19
0
533 399 38 20
0
530 383 37 19
0
525 365 37 20
0
524 346 36 20
0
520 327 38 21
0
517 312 37 19
0
515 296 36 18
0
495 560 50 23
0
488 540 55 20
0
484 520 51 21
0
475 499 50 22
0
472 478 48 23
0
466 459 48 21
0
464 441 45 20
0
459 422 45 20
0
454 404 46 20
0
451 386 47 20
0
446 368 48 19
0
441 348 50 20
0
437 329 49 21
0
433 313 47 19
0
428 295 46 20
0
424 277 44 20
0
420 260 47 20
0
415 243 48 19
0
423 563 77 30
0
414 531 78 33
0
408 506 75 26
0
403 475 72 33
0
397 448 69 30
0
395 423 68 26
0
390 395 67 30
0
387 369 64 27
0
382 345 61 26
0
369 318 69 29
0
362 294 70 26
0
352 268 74 27
0
346 244 72 25
0
320 570 51 21
0
308 544 57 24
0
302 516 59 26
0
299 485 57 29
0
292 456 61 27
0
284 427 63 29
0
274 398 65 28
0
272 368 61 28
0
266 341 62 27
0
261 319 63 23
0
254 295 64 24
0
247 269 64 27
0
235 240 68 28
0
265 568 57 26
0
259 545 57 24
0
253 516 56 30
0
248 487 54 30
0
244 458 51 29
0
236 427 53 31
0
230 401 49 27
0
225 372 50 29
0
221 346 54 27
0
215 319 54 27
0
206 295 53 27
0
196 267 52 27
0
189 241 52 28
0
509 274 50 26
0
530 248 44 22
0
483 239 45 24
0
608 613 28 50
0
592 613 27 51
0
573 616 29 52
0
553 616 29 52
0
536 616 27 55
0
519 622 28 51
0
497 623 28 55
0
478 628 30 55
0
457 632 27 53
0
434 633 27 55