C:/Users/Admin/Desktop/³µÎ»Í¼-03.jpg
100
0
779 706 72 32
0
779 666 71 29
0
779 625 73 31
0
779 584 72 30
0
779 543 73 30
0
779 502 74 32
0
780 461 72 30
0
779 420 73 30
0
779 379 72 29
0
780 338 71 29
0
779 298 73 30
0
780 257 71 29
0
779 216 73 31
0
778 175 74 30
0
779 133 73 30
0
690 706 74 31
0
690 664 74 32
0
690 624 74 31
0
689 583 75 32
0
690 543 74 31
0
690 502 74 32
0
690 461 73 30
0
690 420 73 30
0
691 379 72 29
0
689 337 75 32
0
690 297 74 32
0
690 256 74 30
0
690 215 74 32
0
691 175 69 29
0
690 134 73 29
0
489 704 75 31
0
490 662 74 32
0
490 622 73 32
0
489 581 75 31
0
489 541 74 32
0
489 500 74 32
0
490 458 74 33
0
491 418 73 32
0
490 378 73 29
0
489 336 75 31
0
490 296 73 31
0
489 254 75 30
0
490 214 72 30
0
489 173 74 30
0
489 132 73 30
0
489 91 75 31
0
490 51 74 29
0
490 11 73 31
0
399 703 72 32
0
398 645 74 32
0
400 588 71 31
0
400 530 71 31
0
398 472 72 31
0
398 414 74 31
0
398 356 73 32
0
399 298 73 31
0
399 240 73 32
0
399 183 72 32
0
399 126 73 30
0
399 69 71 29
0
400 11 71 30
0
172 702 73 32
0
172 645 73 32
0
173 588 72 32
0
172 529 72 33
0
173 472 71 31
0
170 414 76 31
0
171 357 74 31
0
171 298 73 32
0
171 241 74 32
0
172 182 72 33
0
172 126 72 31
0
171 67 74 32
0
171 9 75 32
0
85 703 72 32
0
84 645 74 32
0
85 588 72 31
0
84 530 73 31
0
84 473 73 30
0
85 414 73 32
0
84 355 73 33
0
85 298 73 32
0
83 240 74 32
0
84 182 74 32
0
84 126 74 30
0
84 67 73 32
0
84 10 73 31
0
863 10 75 31
0
776 10 75 32
0
689 10 74 32
0
767 831 31 74
0
726 831 30 73
0
685 830 33 75
0
644 832 31 74
0
604 831 30 75
0
564 831 32 74
0
523 830 31 75
0
482 832 30 72
0
442 832 30 73
0
401 831 29 74
