C:/Users/Admin/Desktop/³µÎ»Í¼-03.jpg
100
0
778 705 74 34
0
778 663 75 34
0
778 624 75 33
0
778 582 75 33
0
778 542 75 32
0
778 501 75 33
0
778 460 75 33
0
778 419 75 33
0
778 377 75 32
0
777 336 77 34
0
778 297 75 32
0
778 255 75 32
0
778 214 74 34
0
778 174 75 32
0
778 132 75 33
0
687 704 78 36
0
687 662 78 35
0
688 623 77 34
0
687 581 78 35
0
688 541 77 34
0
688 500 77 35
0
688 460 76 32
0
688 419 77 33
0
687 376 78 34
0
689 337 75 31
0
688 296 77 34
0
690 255 74 31
0
688 214 77 35
0
687 173 78 34
0
688 131 77 36
0
488 703 76 34
0
488 662 76 33
0
487 621 78 35
0
488 580 76 33
0
488 540 76 34
0
488 499 77 35
0
488 458 77 33
0
487 417 78 34
0
487 374 78 34
0
488 336 76 33
0
486 294 79 35
0
487 252 79 34
0
488 212 77 35
0
487 171 78 33
0
488 131 77 34
0
487 90 78 34
0
488 48 76 33
0
488 9 76 33
0
397 703 78 33
0
397 644 78 35
0
397 587 78 34
0
397 530 77 33
0
397 470 78 36
0
397 413 77 33
0
397 356 78 32
0
397 298 77 33
0
397 240 77 33
0
397 182 77 33
0
397 124 77 34
0
398 68 74 31
0
397 10 77 32
0
171 702 74 34
0
171 645 75 33
0
170 586 76 35
0
171 530 74 33
0
170 470 76 35
0
170 414 75 32
0
171 355 74 34
0
171 298 74 33
0
171 239 74 34
0
171 183 74 32
0
171 125 73 33
0
171 67 75 33
0
170 9 76 33
0
83 702 76 34
0
83 644 75 34
0
84 587 74 34
0
83 529 75 33
0
84 471 74 34
0
84 413 74 33
0
84 355 74 34
0
84 298 74 33
0
84 240 75 33
0
83 183 75 32
0
84 125 74 32
0
84 67 74 33
0
84 9 74 33
0
862 9 76 33
0
775 9 76 33
0
689 9 75 33
0
766 831 34 75
0
724 830 34 76
0
684 829 35 77
0
644 830 32 76
0
603 830 33 76
0
563 828 34 78
0
522 830 33 76
0
481 830 34 76
0
440 830 32 76
0
399 830 32 76